12,130
159
75,148
160,224
106,168
240,264
16,66
9,161
11,145
62,295
122
204
97
176,188
68,180
20,140
225,277
116,305
61,177
88,151
252
21
229,266
18
84,137
195
193
99,312
85,154
65,178
71,212
2,270
39,56
30,211
77,141
90,246
42
322
17,98
201,315
104,136
114,131
133,306
47
15,123
162,257
19,157
51
208,256
120,292
48,179
31,82
196,313
0,108
202,217
103,258
100,147
70,129
213,289
96,158
262
194,323
102,285
87,209
235
263
86
226,286
40
26,207
118,241
164,278
81
64,310
219,237
34
190
124
283,321
36,221
24,215
167,214
268,274
22,101
281
59
127,144
1,304
115
113,244
316
28,44
254,279
220,273
132,249
117
126,153
125
38
189,198
37,50
3,55
41
302
135
228
184
25,146
199,218
171,183
14,149
83,150
245,314
119,203
93
242
33,112
89,294
60,80
94,181
5
49,91
174,311
238
163
35,107
32,269
182
63,197
186
230
13,169
303
53,284
191,253
43
78
76
67
293
111,272
200
72,206
7
73,308
52,57
282
95
110
222
139
143
10,227
79
317
187,192
74,128
232
239
155
138,173
58,223
92,216
121
54
243
247
248
205
251
46,109
287
231
288,290
291
175,299
259
233
261
6
265
234,267
27
319
69
23
185,276
134
250
280
105
210
45,170
142,172
156
255
296
298
300
301
260
152
8
307
309
236
165
4,29
297
318
166
320
271,275
