111,240
219
80
206
10
258,297
255
5,139
30,211
134,177
15
65,75
92,249
289
64,68
322
315,323
0
40,267
237
201,254
18,188
151,284
77,234
47
191
127
137,269
25
90,231
181,277
4,287
45,250
8,184
208,279
59
245,270
156,295
244
36,147
115,207
160
132,312
32,283
81,118
62
83,306
202,293
2,87
187,286
34
89
1,164
94
205
223,268
11
233
204,296
42,241
31,172
246,288
13,16
133,141
170,262
290
105,117
72,235
157
263
51
53,274
114,131
19,194
185,276
210
162,257
104,199
171,275
27
69,310
189,198
203
102,305
266
130,215
46
67,119
95,144
17,221
57,110
38
173,174
88,314
236
9,256
3,55
56,153
167,214
73,200
180,209
70,319
136,193
190,282
225
183
152
122,150
142
79,228
213,220
232,303
54,242
86
107
7,313
99,302
166,265
6,161
24,44
52,96
98,106
218,316
272,285
100,120
217
35,178
243,298
29,143
165,196
259
291
101,307
78,226
74,128
238,294
113,125
109,252
273
158,292
320
23,321
124,140
280
247
248,311
63,264
304
251
49,91
20
123
50,126
21,135
195
155
43,66
22,138
227,301
278
261
82,149
93,146
197
108
239,260
97,129
41
281
39,145
112,308
26
182,224
176,271
33,229
121
14,116
300
28,76
317
168,169
71
186
58,84
48
192,230
154
253,318
163,179
309
148
12,216
222
37,159
61
103,212
175,299
60,85
